19.370
12.000
8.996
16.290
18.290
29.405
25.678
9.644
16.299
12.857
17.191
9.024
14.464
22.379
16.707
11.244
10.154
19.701
18.098
13.238
20.673
16.383
13.562
17.735
15.990
22.738
21.517
8.048
12.546
20.798
12.030
13.887
14.415
10.134
15.874
18.986
13.088
23.840
11.525
17.854
11.793
8.153
11.766
11.223
16.146
8.355
11.180
22.646
9.580
14.128
5.761
10.488
10.949
12.755
21.516
6.310
11.501
5.834
9.130
16.626
9.612
10.614
12.100
11.912
7.307
13.351
7.334
19.772
12.705
26.524
15.051
12.801
6.030
28.005
12.309
8.563
26.872
18.868
8.049
7.471
8.920
17.111
10.436
16.715
17.920
20.807
10.994
17.691
13.437
9.420
22.735
11.878
12.695
8.723
12.192
26.267
17.191
25.195
28.383
30.248
14.510
9.676
15.756
10.704
30.535
21.345
17.456
7.848
16.892
18.963
15.354
15.510
15.017
8.586
17.151
8.209
17.692
8.452
9.101
8.708
14.970
9.476
21.190
6.050
23.389
8.073
15.835
23.021
21.620
20.118
10.712
8.450
10.973
24.738
7.424
21.927
10.688
10.327
8.938
13.338
14.647
8.505
8.567
20.733
7.896
23.223
8.217
27.063
19.303
14.650
13.420
8.692
21.151
14.775
23.706
15.873
11.964
8.167
29.494
18.448
13.679
17.247
17.280
24.957
11.296
23.449
10.909
12.531
19.680
15.422
26.802
14.990
7.727
7.415
17.633
35.754
23.201
10.513
9.632
11.545
8.056
12.813
38.779
10.510
12.419
12.039
23.638
18.067
10.212
10.904
22.204
19.626
16.727
10.891
14.691
14.156
25.065
18.301
11.298
23.167
16.177
16.417
12.832
35.508
10.614
18.113
21.054
7.101
36.660
16.027
16.166
20.547
30.612
8.494
9.022
7.399
9.519
14.624
11.138
21.308
9.642
6.810
10.099
10.135
8.523
10.204
18.507
6.930
45.310
17.690
11.749
12.817
13.530
8.348
20.132
20.282
14.463
6.599
14.323
6.814
14.495
14.212
7.731
20.434
7.543
20.967
9.368
19.300
12.206
28.033
14.936
20.704
14.992
13.089
12.098
8.566
25.226
13.096
13.779
11.950
13.153
15.115
18.560
13.860
29.798
7.379
7.933
14.290
10.428
13.029
15.655
10.644
13.284
34.943
9.222
24.947
29.376
19.209
11.563
21.735
7.796
13.576
7.641
20.253
20.930
11.988
15.369
14.379
10.070
12.705
9.573
21.696
11.660
6.126
15.485
15.136
13.173
16.960
19.085
12.570
8.786
10.948
14.991
21.866
18.598
6.919
11.746
9.337
15.155
12.497
10.503
15.464
11.885
17.566
6.863
16.660
13.093
19.944
9.178
24.127
21.393
11.602
17.966
7.974
13.695
14.599
16.904
11.807
15.424
13.089
14.739
16.486
8.597
6.805
12.544
9.606
11.264
6.825
15.942
8.582
9.305
16.471
11.186
24.928
9.669
18.741
16.106
15.018
17.918
14.802
11.154
10.514
16.116
21.308
10.566
18.771
11.680
6.398
10.311
16.608
14.461
9.140
6.304
8.950
19.047
10.893
20.321
15.436
25.325
29.237
7.620
23.620
14.599
14.825
9.062
9.251
24.323
6.407
23.595
7.563
15.080
14.245
16.458
7.210
19.441
29.835
14.398
6.549
13.688
22.323
14.675
11.822
7.722
15.034
28.281
14.564
11.486
11.806
11.400
8.669
10.797
18.529
20.555
8.388
10.300
18.973
18.852
13.555
6.825
12.647
14.956
27.617
15.321
20.666
14.286
5.971
31.415
36.620
23.831
7.727
13.502
6.773
10.297
24.180
8.522
10.203
12.854
13.680
39.524
14.888
15.394
21.228
14.313
12.051
14.385
25.401
7.588
8.263
22.153
7.864
15.839
8.534
11.370
16.446
55.755
12.846
19.690
17.067
15.155
13.054
14.403
30.775
16.583
18.289
11.933
5.947
11.576
17.055
15.805
10.981
12.269
9.877
15.528
9.940
14.822
5.787
8.132
34.067
9.704
8.463
18.035
16.369
13.928
21.485
10.414
13.403
29.464
8.237
22.177
12.250
22.114
12.804
15.731
12.462
11.115
9.113
12.047
31.574
6.837
13.859
23.916
11.026
22.005
22.814
24.888
11.587
22.959
7.009
9.003
25.159
11.669
23.839
9.248
19.226
20.465
14.312
10.382
13.983
20.623
17.568
11.194
14.965
25.435
16.806
7.856
11.968
9.598
20.618
23.337
12.677
10.415
10.249
15.334
25.232
18.770
11.976
8.161
12.543
16.305
26.235
18.124
7.412
7.069
10.916
9.402
14.876
23.283
18.425
6.408
11.616
10.039
16.678
15.159
27.772
10.614
13.422
11.222
7.430
10.523
12.418
15.464
7.823
14.200
6.252
26.671
8.182
18.068
26.411
9.956
16.777
19.601
14.617
20.680
32.902
10.768
18.656
17.424
14.540
7.212
10.937
12.711
9.369
7.804
16.423
18.015
14.921
23.444
7.204
11.468
12.250
19.569
14.845
14.272
11.689
15.319
11.231
19.040
20.268
19.934
8.792
8.438
14.088
18.832
12.849
12.771
8.422
13.690
13.307
29.995
9.559
13.937
11.659
11.632
10.632
11.123
18.387
13.400
15.850
33.500
15.081
10.881
14.978
7.405
9.744
13.107
11.261
12.273
6.172
20.725
13.160
15.039
15.843
8.582
15.878
9.583
15.675
8.358
12.171
8.001
19.891
20.890
6.046
14.854
14.094
15.681
18.577
13.173
12.276
27.544
15.711
9.959
15.312
17.768
27.236
13.211
6.097
17.713
15.949
14.958
7.894
12.806
6.279
11.562
9.662
14.409
12.876
14.000
12.245
14.573
10.735
11.842
13.661
9.358
10.793
12.526
13.793
12.267
27.699
10.502
13.604
14.385
8.412
10.019
7.967
11.397
9.550
31.813
14.370
8.335
12.201
15.823
8.441
6.803
25.591
24.495
15.086
12.620
22.023
19.399
11.052
10.286
12.599
20.056
9.039
18.281
5.878
12.174
5.848
24.786
24.453
7.913
11.800
20.072
17.154
27.497
13.719
13.864
12.644
12.568
16.961
9.309
8.111
7.579
16.649
13.473
16.528
14.949
11.523
15.531
16.035
9.928
7.939
13.374
15.286
15.283
8.993
13.196
19.578
18.979
40.684
14.336
11.253
9.621
12.415
13.352
23.744
14.019
22.080
16.462
15.839
9.624
7.852
26.366
11.547
9.592
17.110
7.728
14.805
20.732
22.478
5.401
9.692
11.509
42.443
13.794
7.497
17.709
8.743
14.593
11.797
7.421
10.792
11.041
8.283
14.095
11.694
23.785
20.390
25.330
11.483
8.635
12.348
11.283
10.116
13.516
25.597
14.905
16.429
10.762
11.859
13.082
12.277
16.501
17.995
17.767
15.256
21.547
12.199
16.104
11.865
45.429
39.841
8.634
9.893
26.889
7.723
11.713
15.319
19.611
21.389
10.463
9.710
13.579
16.791
19.101
14.181
19.599
26.467
21.147
7.065
11.799
33.900
22.032
10.682
18.374
7.329
12.441
14.434
9.003
9.484
33.872
28.792
19.648
15.780
10.086
14.943
11.013
12.117
12.613
20.744
13.349
26.711
18.348
16.400
15.386
14.182
12.067
18.029
9.167
11.580
12.335
10.649
11.109
20.356
8.784
9.473
13.251
7.158
9.240
8.624
7.427
21.286
8.920
12.500
18.352
9.126
14.389
11.288
9.912
6.385
18.275
13.973
14.019
32.639
28.035
14.375
10.216
19.679
9.721
9.308
12.617
16.788
12.530
7.370
14.400
21.904
28.977
8.041
9.473
18.499
16.616
12.381
8.208
8.251
13.323
11.743
9.858
24.039
24.607
14.606
10.116
9.677
37.410
14.217
15.305
18.010
10.632
12.955
15.910
14.291
16.762
20.110
14.869
23.245
9.682
12.689
15.633
13.557
12.166
26.973
18.452
13.767
11.885
16.909
20.438
14.194
14.107
8.410
17.229
12.392
12.797
16.511
11.809
12.177
20.303
18.764
14.623
18.865
16.740
11.635
7.210
17.862
5.852
7.204
13.177
11.128
6.939
31.094
10.618
11.529
8.089
6.835
14.451
12.582
9.216
19.480
14.199
12.457
14.686
16.488
12.461
14.843
8.804
7.752
21.847
19.722
13.202
8.139
10.244
17.675
16.080
10.471
15.310
15.469
16.565
12.356
25.035
10.055
8.150
9.467
18.063
16.769
36.132
8.314
11.639
12.735
15.574
23.170
10.118
13.141
8.179
11.073
24.609
8.219
10.454
6.501
14.021
10.922
17.216
9.294
18.511
8.508
8.094
28.599
16.312
16.680
15.200
8.800
9.817
13.255
