0.073
3.417
-0.039
-1.969
0.635
1.843
2.645
2.084
-0.995
4.273
-0.437
1.588
-0.437
-1.061
1.893
-1.945
0.535
-1.051
-1.417
-0.548
0.932
-2.075
-0.318
-0.202
1.726
2.500
2.746
1.910
0.370
1.013
3.285
-0.692
2.726
2.097
1.216
1.080
-3.763
-0.864
0.856
-2.217
-1.869
-0.150
-0.143
3.820
-3.039
-0.841
-1.670
-1.736
3.480
-1.208
0.360
-0.786
-0.002
-1.066
-3.766
-3.175
-4.465
-1.183
2.694
-2.256
-1.221
2.629
1.858
-0.210
1.209
-0.296
1.580
1.937
1.713
-3.781
1.319
-4.100
2.596
-2.873
0.310
2.292
3.728
-1.659
-3.912
3.237
-1.128
-1.452
0.248
-1.275
-2.077
0.639
4.221
-2.501
1.239
0.915
-3.275
0.807
2.636
-0.205
0.918
-0.627
-2.567
1.882
0.835
3.022
-0.159
1.214
2.842
0.436
0.717
0.715
-0.266
-3.303
-2.015
-2.468
0.243
3.483
2.441
0.369
-1.837
-1.618
1.140
-0.958
-3.732
-0.294
-0.192
-0.299
-3.281
1.338
-3.847
-0.254
-0.405
-0.589
-0.620
-1.130
1.527
0.390
-3.241
-0.178
-0.167
0.063
-0.217
0.326
0.300
-0.146
-1.506
0.276
-0.378
1.782
-0.698
1.790
-3.879
3.000
1.025
-1.285
0.599
-0.707
-0.019
-2.464
0.870
-1.186
-0.656
1.593
-2.146
-0.058
1.027
-4.379
0.507
-1.216
-2.991
0.078
-3.113
0.984
1.244
-2.028
-0.373
-0.478
-0.797
-2.583
-2.353
-0.294
3.040
-1.122
3.565
-1.739
0.028
1.329
-1.818
1.619
-0.991
0.326
-0.054
1.241
-0.343
-3.732
-4.092
3.000
0.801
-0.741
1.325
0.435
-1.530
-0.164
-2.053
-2.446
0.728
-3.190
-1.404
-1.818
-2.131
0.139
-0.957
2.363
-3.871
2.291
-2.437
1.004
2.476
2.517
1.497
-3.343
-2.835
-0.278
-0.935
-2.596
-1.284
-2.874
-3.798
1.868
4.394
0.115
-2.781
-0.458
-0.058
1.447
0.651
1.496
-3.106
0.039
1.905
-2.578
3.273
-0.781
2.573
-2.551
1.671
-0.278
1.068
0.880
2.484
0.270
-0.582
-0.682
-3.159
0.652
-2.107
1.016
0.571
0.693
0.775
0.165
1.601
2.710
1.359
1.970
-1.724
-1.425
-2.584
0.061
-1.187
-0.437
-0.609
-0.730
2.575
-1.978
1.703
-2.147
-0.701
0.648
2.636
1.174
-1.670
0.267
4.423
1.424
-0.348
0.056
0.883
2.171
-1.636
4.228
1.926
-0.161
1.115
-3.622
0.379
3.649
3.662
2.466
-0.352
-0.315
-0.729
-0.221
-1.774
1.557
1.199
1.048
4.632
-2.005
0.873
1.173
-0.479
-0.983
1.078
-1.097
3.207
1.641
-1.850
1.522
2.029
0.037
-0.379
-4.629
0.800
-3.650
0.330
-0.159
-3.509
2.330
1.732
-1.321
-1.632
-0.679
1.700
-1.513
3.694
0.221
0.717
-1.272
3.119
-3.689
0.580
-0.374
0.959
0.508
0.253
0.278
1.094
-0.300
0.378
0.686
-0.390
1.214
-0.727
3.842
-0.669
2.626
-0.186
2.638
-0.674
3.013
-2.597
2.128
1.897
-2.892
-2.471
2.003
0.150
2.870
-2.960
-0.308
-0.677
1.577
2.787
2.448
-2.703
1.766
-0.001
0.079
2.106
-1.904
-0.655
-2.121
3.686
-1.616
0.171
1.410
-1.362
2.498
-0.030
0.098
-0.982
-2.835
-0.950
2.249
3.162
1.345
-0.194
1.869
0.734
-2.416
1.262
1.694
3.829
0.011
-0.122
4.057
-0.215
-3.815
-0.423
1.611
1.056
4.085
-1.674
-1.050
-2.813
0.186
-0.825
2.099
-2.767
-0.945
0.568
1.357
0.248
0.964
-1.817
0.377
1.989
-3.423
-0.286
-3.180
-3.697
0.488
-2.284
0.947
-0.401
-3.500
2.888
3.197
2.589
2.427
0.029
-0.271
-0.962
1.729
0.510
-1.959
1.665
-2.937
0.338
0.318
-2.871
-2.234
0.598
-2.930
-0.654
1.496
0.614
-1.101
0.786
2.480
-1.202
-0.920
-1.632
-0.078
-0.456
-0.281
0.315
1.835
-3.338
1.086
0.067
3.784
-1.518
0.412
-1.098
1.395
-0.987
0.252
3.467
-2.328
2.118
-1.363
2.774
2.338
-0.923
-1.768
-0.573
-3.066
1.967
-1.475
2.578
2.133
0.280
3.150
-3.258
-0.406
3.010
2.866
1.171
2.243
4.009
0.940
-0.762
0.777
-0.416
2.246
2.057
1.797
0.229
-0.641
-2.009
1.513
2.197
-1.128
1.867
-1.582
3.556
3.098
2.493
-0.571
-2.404
0.320
1.809
0.140
0.913
2.814
1.618
1.329
-0.930
-0.035
-3.679
3.177
1.337
-1.503
-1.866
-1.311
1.692
1.928
0.072
3.844
1.467
-2.241
3.518
1.136
-0.435
2.098
1.066
1.608
-1.009
-2.516
3.703
2.555
-3.058
1.571
-3.714
-1.810
-2.265
-3.808
-1.911
-0.002
0.503
2.671
-2.098
-2.770
-3.402
-1.454
0.188
0.500
-1.817
-0.600
0.695
-1.497
1.011
-0.910
0.713
1.126
-2.141
-0.257
-0.574
-0.945
0.599
-1.352
0.570
-0.181
1.969
2.118
-3.556
3.263
-0.697
3.707
-0.739
-0.947
-1.076
-2.195
-1.275
-0.621
2.326
-1.252
-0.763
4.559
3.288
-0.787
-1.678
-1.412
-1.779
2.766
-3.158
-1.496
-0.213
2.193
2.624
3.772
0.741
-1.816
2.303
1.924
-0.873
-1.264
-1.126
1.228
2.006
0.402
-1.501
-2.876
1.832
-0.613
3.085
-3.757
0.212
-0.885
-0.053
-1.859
-0.064
1.016
3.504
-1.160
-0.293
1.422
-0.058
-0.342
-0.523
-2.184
-2.740
3.145
1.111
-3.565
2.541
-2.375
2.825
-3.132
-1.261
2.127
-1.257
-3.303
1.606
1.577
0.671
0.714
-0.859
-0.712
-4.786
0.411
1.423
-1.417
0.832
0.310
1.294
-0.713
-0.606
1.365
-0.513
-0.223
-3.306
-1.798
-0.002
-1.015
-1.343
0.634
2.273
1.047
1.849
0.231
2.591
-1.348
-2.244
-0.550
-2.958
2.868
-1.215
0.071
3.460
0.927
-0.983
3.956
1.291
0.049
-1.061
-0.348
2.629
-3.388
1.039
2.489
-1.282
1.956
-0.458
1.879
-2.137
3.213
4.864
-2.854
2.036
1.878
-0.473
2.315
1.301
0.603
2.136
3.087
-1.739
0.353
1.644
0.459
-0.566
0.925
-0.359
0.540
-0.385
-1.310
0.827
-2.125
3.278
2.509
3.039
-1.966
0.035
-0.494
1.033
-1.084
1.560
-2.895
-2.497
-2.763
0.877
-0.500
0.011
-0.077
2.237
0.876
1.168
-1.991
-1.273
0.898
0.945
3.525
0.303
0.346
-2.137
-3.764
-0.020
-2.096
-0.877
-0.447
2.610
2.632
-2.655
0.975
-1.603
-1.992
0.290
-1.054
0.694
-0.037
-2.632
0.697
-1.450
0.911
3.859
1.372
-1.700
3.333
-2.196
0.540
-4.210
-0.351
-0.155
0.945
-0.608
0.705
0.202
-2.293
2.715
3.283
-1.862
0.638
-0.564
-0.670
1.390
-0.909
1.658
-2.478
1.144
-1.339
-3.198
2.628
0.347
-0.481
0.207
-4.023
1.220
0.998
1.388
3.805
1.346
1.328
2.042
1.643
-1.716
-0.416
-1.664
0.474
2.354
2.449
-1.521
-2.945
-0.266
-1.500
1.668
-3.756
0.980
0.078
1.316
2.183
-0.781
-3.058
1.209
-2.970
-1.877
-0.713
4.720
1.784
0.150
-0.361
-1.251
-2.080
3.547
0.558
-1.024
-0.662
-1.743
-2.642
0.600
-0.002
4.606
1.282
-0.866
4.591
0.973
3.985
-3.938
0.260
-0.597
-2.839
4.183
1.617
-1.801
4.780
0.547
2.190
1.035
-3.638
0.438
0.293
2.933
3.898
0.485
-4.247
4.423
-1.252
0.224
1.173
-3.747
1.841
-2.510
0.363
1.295
2.599
-0.920
0.356
0.094
1.603
-2.155
0.784
-0.637
3.488
1.084
-0.825
-0.629
0.125
1.596
1.214
0.106
-2.580
1.150
-2.137
-1.795
-4.029
0.269
2.294
4.289
-4.324
-0.868
1.580
-0.160
2.255
0.086
-0.854
2.815
-0.600
2.229
-0.305
-0.700
1.146
-0.514
0.228
-0.937
0.337
-0.582
1.256
-0.076
0.827
-2.105
2.333
-0.610
-0.156
1.860
2.814
-3.070
-1.505
3.423
2.747
-3.377
0.334
-0.953
-0.940
-2.190
-0.690
-0.349
0.821
0.801
2.493
-2.674
-0.129
-1.175
-1.028
-1.505
-0.398
-2.954
0.224
-0.083
0.971
-2.682
-4.093
0.529
-1.379
0.976
3.274
3.704
-0.071
2.678
-0.223
-0.490
3.472
-1.568
1.585
-3.667
-0.273
-2.951
-2.663
-1.393
1.934
1.894
2.352
0.072
-1.436
-0.465
-2.403
0.760
-1.942
-0.455
-0.630
-0.573
1.062
-1.771
0.602
0.184
-3.184
-1.196
2.701
0.844
0.515
-0.590
-0.846
2.053
-3.547
